image {i}:
quality = 159.31810368600097
sim = 0.940672755241394
num_boxes = 17
average_box_area_norm = 17.886810857075293
