image {i}:
quality = 173.58903136235202
sim = 0.9482945799827576
num_boxes = 19
average_box_area_norm = 51.06972307592049
